           p           t        mach         isp
   3.4931E+01  1.8724E+03  0.0000E+00  0.0000E+00
   1.9179E+01  1.6429E+03  1.0000E+00  9.4772E+02
   1.0270E+00  9.4526E+02  2.9381E+00  1.9876E+03
   3.4931E+01  2.1041E+03  0.0000E+00  0.0000E+00
   1.9246E+01  1.8554E+03  9.9999E-01  9.8128E+02
   1.0270E+00  9.9966E+02  2.9211E+00  2.0634E+03
   3.4931E+01  2.3088E+03  0.0000E+00  0.0000E+00
   1.9310E+01  2.0460E+03  9.9999E-01  1.0065E+03
   1.0270E+00  1.1006E+03  2.8797E+00  2.1285E+03
   3.4931E+01  2.4892E+03  0.0000E+00  0.0000E+00
   1.9374E+01  2.2175E+03  9.9998E-01  1.0256E+03
   1.0270E+00  1.2058E+03  2.8696E+00  2.1817E+03
   3.4931E+01  2.6469E+03  0.0000E+00  0.0000E+00
   1.9441E+01  2.3716E+03  1.0000E+00  1.0397E+03
   1.0270E+00  1.3050E+03  2.8619E+00  2.2255E+03
   3.4931E+01  2.7824E+03  0.0000E+00  0.0000E+00
   1.9514E+01  2.5094E+03  1.0000E+00  1.0497E+03
   1.0270E+00  1.3986E+03  2.8546E+00  2.2618E+03
   3.4931E+01  2.8960E+03  0.0000E+00  0.0000E+00
   1.9597E+01  2.6313E+03  1.0000E+00  1.0559E+03
   1.0270E+00  1.4870E+03  2.8472E+00  2.2922E+03
   3.4931E+01  2.9873E+03  0.0000E+00  0.0000E+00
   1.9693E+01  2.7365E+03  1.0000E+00  1.0584E+03
   1.0270E+00  1.5711E+03  2.8391E+00  2.3175E+03
   3.4931E+01  3.0569E+03  0.0000E+00  0.0000E+00
   1.9799E+01  2.8236E+03  1.0000E+00  1.0577E+03
   1.0270E+00  1.6516E+03  2.8298E+00  2.3384E+03
   3.4931E+01  3.1065E+03  0.0000E+00  0.0000E+00
   1.9903E+01  2.8910E+03  1.0000E+00  1.0545E+03
   1.0270E+00  1.7294E+03  2.8187E+00  2.3554E+03
   3.4931E+01  3.1395E+03  0.0000E+00  0.0000E+00
   1.9992E+01  2.9388E+03  9.9998E-01  1.0500E+03
   1.0270E+00  1.8053E+03  2.8054E+00  2.3685E+03
   3.4931E+01  3.1596E+03  0.0000E+00  0.0000E+00
   2.0054E+01  2.9694E+03  1.0000E+00  1.0452E+03
   1.0270E+00  1.8800E+03  2.7896E+00  2.3779E+03
   3.4931E+01  3.1702E+03  0.0000E+00  0.0000E+00
   2.0093E+01  2.9865E+03  1.0000E+00  1.0404E+03
   1.0270E+00  1.9538E+03  2.7719E+00  2.3836E+03
   3.4931E+01  3.1738E+03  0.0000E+00  0.0000E+00
   2.0114E+01  2.9938E+03  1.0000E+00  1.0357E+03
   1.0270E+00  2.0263E+03  2.7548E+00  2.3852E+03
   3.4931E+01  3.1725E+03  0.0000E+00  0.0000E+00
   2.0123E+01  2.9941E+03  1.0000E+00  1.0313E+03
   1.0270E+00  2.0904E+03  2.7537E+00  2.3821E+03
   3.4931E+01  3.1675E+03  0.0000E+00  0.0000E+00
   2.0124E+01  2.9895E+03  1.0000E+00  1.0269E+03
   1.0270E+00  2.1089E+03  2.7673E+00  2.3735E+03
   3.4931E+01  3.1599E+03  0.0000E+00  0.0000E+00
   2.0120E+01  2.9814E+03  1.0000E+00  1.0227E+03
   1.0270E+00  2.0834E+03  2.7626E+00  2.3615E+03
   3.4931E+01  3.1504E+03  0.0000E+00  0.0000E+00
   2.0113E+01  2.9707E+03  1.0000E+00  1.0186E+03
   1.0270E+00  2.0479E+03  2.7613E+00  2.3482E+03
   3.4931E+01  3.1394E+03  0.0000E+00  0.0000E+00
   2.0103E+01  2.9582E+03  1.0000E+00  1.0146E+03
   1.0270E+00  2.0112E+03  2.7630E+00  2.3344E+03
   3.4931E+01  3.1274E+03  0.0000E+00  0.0000E+00
   2.0091E+01  2.9444E+03  1.0000E+00  1.0108E+03
   1.0270E+00  1.9754E+03  2.7660E+00  2.3206E+03
   3.4931E+01  3.1146E+03  0.0000E+00  0.0000E+00
   2.0078E+01  2.9296E+03  1.0000E+00  1.0071E+03
   1.0270E+00  1.9411E+03  2.7697E+00  2.3069E+03